20190925
20190924
20190923
20190920
20190919
20190918
20190917
20190916
20190913
20190912
20190911
20190910
20190909
20190907
20190906
20190905
20190904
20190903
20190830
20190829
20190828
20190827
20190826
20190823
20190822
20190821
20190820
20190819
20190816
20190815
20190814
20190813
20190812
20190809
20190808
20190807
20190806
20190805
20190802
20190801
20190731
20190730
20190729
20190726
20190725
20190724
20190723
20190722
20190719
20190718
20190717
20190716
20190715
20190712
20190711
20190710
20190709
20190708
20190705
20190703
20190702
20190701
20190628
20190627
20190626
20190625
20190624
20190621
20190620
20190619
20190618
20190617
20190614
20190613
20190612
20190611
20190610
20190607
20190606
20190605
20190604
20190603
20190531
20190530
20190529
20190528
20190524
20190523
20190522
20190521
20190520
20190517
20190516
20190515
20190514
20190513
20190510
20190509
20190508
20190507
20190506
20190503
20190502
20190501
20190430
20190429
20190426
20190425
20190424
20190423
20190422
20190418
20190417
20190416
20190415
20190412
20190411
20190410
20190409
20190408
20190405
20190404
20190403
20190402
20190401
20190330
20190329
20190328
20190327
20190326
20190325
20190322
20190321
20190320
20190319
20190318
20190315
20190314
20190313
20190312
20190311
20190308
20190307
20190306
20190305
20190304
20190301
20190228
20190227
20190226
20190225
20190222
20190221
20190220
20190219
20190215
20190214
20190213
20190212
20190211
20190208
20190207
20190206
20190205
20190204
20190201
20190131
20190130
20190129
20190128
20190125
20190124
20190123
20190122
20190118
20190117
20190116
20190115
20190114
20190111
20190110
20190109
20190108
20190107
20190104
20190103
20190102
20181231
20181228
20181227
20181226
20181224
20181221
20181220
20181219
20181218
20181217
20181214
20181213
20181212
20181211
20181210
20181207
20181206
20181204
20181203
20181130
20181129
20181128
20181127
20181126
20181123
20181121
20181120
20181119
20181116
20181115
20181114
20181113
20181112
20181109
20181108
20181107
20181106
20181105
20181102
20181101
20181031
20181030
20181029
20181026
20181025
20181024
20181023
20181022
20181019
20181018
20181017
20181016
20181015
20181012
20181011
20181010
20181009
20181008
20181005
20181004
20181003
20181002
20181001
20180929
20180928
20180927
20180926
20180925
20180924
20180921
20180920
20180919
20180918
20180917
20180914
20180913
20180912
20180911
20180910
20180908
20180907
20180906
20180905
20180904
20180831
20180830
20180829
20180828
20180827
20180824
20180823
20180822
20180821
20180820
20180817
20180816
20180815
20180814
20180813
20180810
20180809
20180808
20180807
20180806
20180803
20180802
20180801
20180731
20180730
20180727
20180726
20180725
20180724
20180723
20180720
20180719
20180718
20180717
20180716
20180713
20180712
20180711
20180710
20180709
20180706
20180705
20180703
20180702
20180629
20180628
20180627
20180626
20180625
20180622
20180621
20180620
20180619
20180618
20180615
20180614
20180613
20180612
20180611
20180608
20180607
20180606
20180605
20180604
20180601
20180531
20180530
20180529
20180525
20180524
20180523
20180522
20180521
20180518
20180517
20180516
20180515
20180514
20180511
20180510
20180509
20180508
20180507
20180504
20180503
20180502
20180501
20180430
20180427
20180426
20180425
20180424
20180423
20180420
20180419
20180418
20180417
20180416
20180413
20180412
20180411
20180410
20180409
20180406
20180405
20180404
20180403
20180402
20180329
20180328
20180327
20180326
20180324
20180323
20180322
20180321
20180320
20180319
20180316
20180315
20180314
20180313
20180312
20180309
20180308
20180307
20180306
20180305
20180302
20180301
20180228
20180227
20180226
20180224
20180223
20180222
20180221
20180220
20180216
20180215
20180214
20180213
20180212
20180209
20180208
20180207
20180206
20180205
20180202
20180201
20180131
20180130
20180129
20180127
20180126
20180125
20180124
20180123
20180122
20180119
20180118
20180117
20180116
20180112
20180111
20180110
20180109
20180108
20180105
20180104
20180103
20180102
20171229
20171228
20171227
20171226
20171222
20171221
20171220
20171219
20171218
20171215
20171214
20171213
20171212
20171211
20171208
20171207
20171206
20171205
20171204
20171201
20171130
20171130
20171129
20171129
20171128
20171128
20171127
20171127
20171124
20171124
20171122
20171122
20171121
20171121
20171120
20171120
20171117
20171117
20171116
20171116
20171115
20171115
20171114
20171114
20171113
20171113
20171110
20171110
20171109
20171109
20171108
20171108
20171107
20171107
20171106
20171104
20171103
20171103
20171102
20171102
20171101
20171101
20171031
20171031
20171030
20171030
20171028
20171028
20171027
20171027
20171026
20171026
20171025
20171025
20171024
20171024
20171023
20171023
20171020
20171020
20171019
20171019
20171018
20171018
20171017
20171017
20171016
20171016
20171013
20171013
20171012
20171012
20171011
20171011
20171010
20171010
20171009
20171009
20171006
20171006
20171005
20171005
20171004
20171004
20171003
20171003
20171002
20171002
20170929
20170929
20170928
20170928
20170927
20170927
20170926
20170926
20170925
20170925
20170923
20170923
20170922
20170922
20170921
20170921
20170920
20170920
20170919
20170919
20170918
20170918
20170915
20170915
20170914
20170914
20170913
20170913
20170912
20170912
20170911
20170911
20170908
20170908
20170907
20170907
20170906
20170906
20170905
20170901
20170831
20170830
20170829
20170828
20170826
20170826
20170825
20170824
20170823
20170822
20170821
20170818
20170817
20170816
20170815
20170814
20170811
20170810
20170809
20170808
20170807
20170804
20170803
20170802
20170801
20170731
20170728
20170727
20170726
20170725
20170724
20170721
20170720
20170719
20170718
20170717
20170714
20170713
20170712
20170711
20170710
20170707
20170706
20170705
20170703
20170630
20170629
20170628
20170627
20170626
20170623
20170622
20170621
20170620
20170619
20170616
20170615
20170614
20170613
20170612
20170609
20170608
20170607
20170606
20170605
20170602
20170601
20170531
20170530
20170526
20170525
20170524
20170523
20170522
20170519
20170518
20170517
20170516
20170515
20170512
20170511
20170510
20170509
20170508
20170505
20170504
20170503
20170502
20170501
20170428
20170427
20170426
20170425
20170424
20170421
20170420
20170419
20170418
20170417
20170413
20170412
20170411
20170410
20170407
20170406
20170405
20170404
20170403
20170331
20170330
20170329
20170328
20170327
20170324
20170323
20170322
20170321
20170320
20170317
20170316
20170315
20170314
20170313
20170310
20170309
20170308
20170307
20170306
20170303
20170302
20170301
20170228
20170227
20170224
20170223
20170222
20170221
20170217
20170216
20170215
20170214
20170213
20170210
20170209
20170208
20170207
20170206
20170203
20170202
20170201
20170131
20170130
20170127
20170126
20170125
20170124
20170123
20170120
20170119
20170118
20170117
20170113
20170112
20170111
20170110
20170109
20170106
20170105
20170104
20170103
20161230
20161229
20161228
20161227
20161223
20161222
20161221
20161220
20161219
20161216
20161215
20161214
20161213
20161212
